ID	PROVINCIA	CRIME99	CLEAR99	YMA99	URB99	FORE99	GDP99	GRO99	YUN99	EDU99	COAST	XCOOR	YCOOR
1	ÁLAVA	21.715630026	1.686249432	-0.959217192	-0.254382802	0.211366259	1.142163684	0.011307253	-0.940820384	-0.726225280	0	523141.5597900	4741687.0716000
2	ALBACETE	25.192171185	1.621587212	-0.731012730	-0.189863495	-0.318833594	0.958225967	0.011711784	-0.920734545	-0.822395980	0	588577.2087300	4298073.0577000
3	ALICANTE	63.995020714	1.400863718	-0.708575645	-0.083259775	0.572722012	1.011942838	0.017338291	-0.921621565	-0.824235743	1	712076.5339000	4261884.4275000
4	ALMERÍA	55.551875561	1.470025424	-0.468138051	-0.174998062	0.555726800	1.011899740	0.026088676	-0.877613191	-0.840012551	1	558160.6087700	4116967.7659000
5	ÁVILA	24.990613116	1.622581618	-0.622147581	-0.542430696	-0.302564721	1.030090250	0.013758086	-0.996751109	-0.780262790	0	335367.8119500	4493109.6505000
6	BADAJOZ	30.678199213	1.573930036	-0.514527016	-0.313245076	-0.264464812	0.883978269	0.014686308	-0.936289453	-0.854923920	0	226755.3172300	4289474.0399000
7	BALEARS (ILLES)	58.051019996	1.486952877	-0.868461530	-0.104088623	0.688471080	1.169193741	0.011031703	-0.917642890	-0.923144828	1	1011641.0704000	4402056.8541000
8	BARCELONA	52.129305644	1.369334623	-0.762079434	-0.057829626	0.436853628	1.158249983	0.016647790	-0.920493155	-0.756365764	1	914627.1798400	4632083.4253000
9	BURGOS	32.792055608	1.626592041	-0.622147581	-0.182583585	-0.028508450	1.117750082	0.008678150	-0.967438410	-0.793188691	0	450343.1019200	4690041.3210000
10	CÁCERES	24.910073477	1.595761017	-0.514527016	-0.459919408	0.187973110	1.015889724	0.030996396	-0.955208516	-0.858660304	0	229139.8580200	4400729.7114000
11	CÁDIZ	41.807940223	1.562812042	-0.468138051	-0.040098507	-0.038480524	0.944963387	0.019834999	-0.871843959	-0.806273375	1	252678.1580600	4048619.7603000
12	CASTELLÓN DE LA PLANA	42.734958221	1.415851072	-0.708575645	-0.143551952	0.272152237	1.134272757	0.010132220	-0.929283833	-0.862424999	1	742564.8212600	4458345.2007000
13	CIUDAD REAL	21.816733759	1.623225300	-0.731012730	-0.234456984	-0.417240165	0.979751453	0.004488730	-0.944579159	-0.893813184	0	429363.4774100	4308393.1879000
14	CÓRDOBA	27.379848291	1.631506778	-0.468138051	-0.150470276	-0.363797046	0.934219100	0.018204787	-0.925413416	-0.890209588	0	341381.5182900	4206641.5512000
15	CORUÑA (A)	31.898190339	1.583679860	-0.647576274	-0.154341152	-0.233868420	1.005135021	0.012255961	-0.939494954	-0.827360004	1	55435.4213730	4789459.8177000
16	CUENCA	22.010228541	1.672579288	-0.731012730	-0.551567635	-0.187531589	0.954803834	-0.011152592	-0.990063620	-0.935023040	0	568896.3784100	4416664.0764000
17	GIRONA	41.356748478	1.404763779	-0.762079434	-0.212304596	0.392817528	1.192242089	0.019327409	-0.937511408	-0.839247948	1	969310.1374500	4679713.7174000
18	GRANADA	53.463826177	1.423502114	-0.468138051	-0.219705520	0.049479684	0.916856261	0.019092040	-0.907317349	-0.756107852	1	476122.4937900	4129758.1608000
19	GUADALAJARA	33.992546466	1.648940212	-0.731012730	-0.261433234	0.247685850	1.126807172	-0.000863344	-0.965482597	-0.651563505	0	531866.0882600	4518362.7641000
20	GUIPÚZCOA	21.996135503	1.663817962	-1.342318388	-0.713841581	-0.319504045	0.577056137	-0.460915505	-1.331621065	-1.116216638	1	565599.6087500	4777293.1402000
21	HUELVA	45.091162730	1.549789310	-0.468138051	-0.188723272	-0.080977061	0.781331929	0.018398284	-0.891365339	-0.897207961	1	161913.8722700	4165929.4761000
22	HUESCA	25.452380602	1.553472072	-0.920185869	-0.321395772	0.141129500	1.123779797	0.019447923	-0.990221892	-0.727589770	0	741844.0424800	4676542.7177000
23	JAÉN	23.200626416	1.730870579	-0.468138051	-0.218430874	-0.292135966	0.950764008	0.002267324	-0.925763591	-0.914744395	0	461241.8589500	4207950.4299000
24	LEÓN	26.336143650	1.611637927	-0.622147581	-0.266979379	0.181213404	1.009487864	0.009569809	-0.978905718	-0.756284236	0	267142.0734900	4722742.5703000
25	LLEIDA	22.877577422	1.494038349	-0.762079434	-0.384181939	0.306961720	1.165026085	0.021863628	-0.964695765	-0.836781956	0	835026.6899300	4662600.9355000
26	RIOJA (LA)	21.165304884	1.727909844	-0.920276225	-0.222287899	0.250342408	1.119505966	0.007160080	-0.950514348	-0.803521214	0	539981.4696000	4680665.3874000
27	LUGO	65.142115725	1.275541688	-0.647576274	-0.384054891	-0.079441918	0.941481766	0.002995853	-1.019558871	-0.953859283	1	137758.2954600	4771752.9909000
28	MADRID	59.557085870	1.413314184	-0.648251994	-0.024416054	0.486251623	1.187143228	0.020909292	-0.905256326	-0.573238156	0	439437.0751800	4483080.1792000
29	MÁLAGA	43.833890723	1.478975492	-0.468138051	-0.063988600	0.628065081	0.965150505	0.028754854	-0.903719440	-0.820991992	1	346086.9092700	4075833.0469000
30	MURCIA	23.134922651	1.452830555	-0.729787145	-0.038734236	0.152693701	1.016004012	0.013363107	-0.874325248	-0.781965509	1	633070.6728600	4207273.8698000
31	NAVARRA	22.280264330	1.640164495	-0.998158160	-0.286477705	0.172390110	1.164821403	0.015454426	-0.931126419	-0.648929347	0	610919.2090600	4724897.5117000
32	OURENSE	31.549864020	1.616174292	-0.647576274	-0.371742604	0.111639836	0.962418682	0.015728862	-1.011280598	-0.849599736	0	120889.3615300	4682035.7332000
33	ASTURIAS	34.609710016	1.577043142	-0.455994002	-0.069035899	-0.047863124	1.041697374	0.008809817	-0.963211826	-0.732567538	1	257226.5666100	4797998.9240000
34	PALENCIA	71.936823251	1.578368809	-0.622147581	-0.349091196	-0.226635772	1.063031463	0.009558827	-0.975457812	-0.770924341	0	373511.4692200	4692104.2028000
35	PALMAS (LAS)	37.943047254	1.583237099	-0.636529048	-0.046375062	0.590694074	1.017740997	0.019944284	-0.870041914	-0.843275228	1	16445.5049430	3908433.2583000
36	PONTEVEDRA	32.559079797	1.548870745	-0.647576274	-0.102222526	-0.008764529	0.994614501	0.023183189	-0.906245577	-0.871057557	1	50907.1762060	4712731.1914000
37	SALAMANCA	24.647815577	1.588191453	-0.622147581	-0.245711996	-0.090395677	1.036497549	0.006530326	-0.965794495	-0.601549908	0	241457.6335200	4521835.4278000
38	SANTA CRUZ TENERIFE	66.843982129	1.551961944	-0.636529048	-0.097686302	0.663109751	1.099773152	0.024003818	-0.887346847	-0.882081061	1	-230512.0968000	3896389.0091000
39	CANTABRIA	43.711677190	1.584030168	-0.635636645	-0.176489190	-0.067523140	1.075055456	0.020512799	-0.934411510	-0.833519266	1	416146.8983800	4783426.3434000
40	SEGOVIA	24.546720946	1.584664960	-0.622147581	-0.433474126	0.135972429	1.076624062	0.018831524	-0.973989102	-0.677873571	0	411572.5220000	4558469.8562000
41	SEVILLA	56.505290955	1.415719359	-0.468138051	-0.087641085	-0.330336473	0.955271966	0.019207362	-0.879459004	-0.794971393	1	262882.6928500	4146452.1311000
42	SORIA	20.434185926	1.669740367	-0.622147581	-0.428189069	0.135898434	1.064228052	-0.017811698	-1.026337277	-0.807875708	0	534352.8435800	4607937.1975000
43	TARRAGONA	59.312630643	1.334246205	-0.762079434	-0.194902224	0.434637236	1.253450200	0.019470808	-0.927345305	-0.924596124	1	820665.1380500	4555699.2803000
44	TERUEL	11.087089009	1.700120489	-0.920185869	-0.502692376	0.003454069	1.096709149	-0.007457660	-1.022764542	-0.854992959	0	684651.1211400	4503602.5349000
45	TOLEDO	24.212433422	1.655522212	-0.731012730	-0.484661542	-0.029064993	0.982605556	0.003951126	-0.944441413	-1.001657604	0	401899.0825900	4405808.5929000
46	VALENCIA	56.427198151	1.340072128	-0.708575645	-0.099649643	-0.033486858	1.096511669	0.020784120	-0.916497309	-0.782554486	1	691072.3040400	4357365.6068000
47	VALLADOLID	34.396722338	1.528425721	-0.622147581	-0.142939143	-0.220514261	1.070964604	0.026414465	-0.913412189	-0.685241704	0	346581.9354800	4610647.5030000
48	VIZCAYA	27.536290218	1.646869289	-2.069579812	-1.600664237	-1.342268505	-0.575816677	-1.409508193	-2.122916391	-1.973495286	1	512040.4944400	4787868.3392000
49	ZAMORA	17.255022819	1.694438205	-0.622147581	-0.400611520	-0.212552916	0.982989396	0.017534714	-1.007990774	-0.880385537	0	252322.7971300	4623929.5757000
50	ZARAGOZA	40.375585338	1.372855688	-0.920185869	-0.116009194	0.126472018	1.120691043	0.010575888	-0.946839778	-0.713553186	0	661384.7143800	4609681.6397000
